1203.50 1401.85 258.218972 +33.540983
1275.57 1345.36 258.214371 +33.538086
847.51 1904.74 258.241587 +33.567372
1068.25 1807.46 258.227669 +33.562312
1275.57 1345.36 258.215134 +33.567336
1275.57 1345.36 258.195809 +33.564465
1685.49 1933.95 258.188666 +33.569224
1683.23 1860.51 258.188766 +33.565342
1642.45 1790.75 258.191276 +33.561649
1590.65 856.04 258.194095 +33.512494
510.12 220.38 258.262205 +33.478527
26.52 1205.12 258.293190 +33.530239
483.60 1562.65 258.264465 +33.549216
273.80 1917.33 258.277870 +33.567847
1164.74 449.95 258.220997 +33.490876
677.93 470.44 258.251738 +33.491767
1081.82 16.35 258.226051 +33.467983
1120.61 282.88 258.223742 +33.482055
677.60 1154.97 258.252042 +33.527835
1551.78 492.18 258.196547 +33.493237
